



Time: 0
Waiting: (33,2,3)  (17,3,7)  (24,4,7)  (32,4,6)  (35,6,1)  (44,6,4)  (6,7,1)  (12,7,6)  (18,7,1)  (27,8,7)  (49,8,1)  (5,9,2)  (25,9,2)  (41,9,3)  (31,10,5)  (10,13,5)  (50,14,7)  (2,15,3)  (11,15,3)  (4,17,5)  (20,18,6)  (37,18,1)  (19,21,2)  (47,21,3)  (28,22,4)  (48,24,2)  (8,25,1)  (9,25,4)  (29,25,2)  (36,25,2)  (46,25,7)  (14,26,1)  (26,26,2)  (39,26,2)  (34,27,4)  (38,27,2)  (3,29,2)  (13,30,6)  (21,30,1)  (22,31,2)  (45,32,4)  (15,33,1)  (43,33,6)  (30,34,4)  (40,35,4)  (23,37,2)  (1,38,5)  (16,38,1)  (42,38,2)  (7,39,3)  
Server 1: empty
Server 2: empty
Server 3: empty
Server 4: empty
Server 5: empty




Time: 1
Waiting: (33,2,3)  (17,3,7)  (24,4,7)  (32,4,6)  (35,6,1)  (44,6,4)  (6,7,1)  (12,7,6)  (18,7,1)  (27,8,7)  (49,8,1)  (5,9,2)  (25,9,2)  (41,9,3)  (31,10,5)  (10,13,5)  (50,14,7)  (2,15,3)  (11,15,3)  (4,17,5)  (20,18,6)  (37,18,1)  (19,21,2)  (47,21,3)  (28,22,4)  (48,24,2)  (8,25,1)  (9,25,4)  (29,25,2)  (36,25,2)  (46,25,7)  (14,26,1)  (26,26,2)  (39,26,2)  (34,27,4)  (38,27,2)  (3,29,2)  (13,30,6)  (21,30,1)  (22,31,2)  (45,32,4)  (15,33,1)  (43,33,6)  (30,34,4)  (40,35,4)  (23,37,2)  (1,38,5)  (16,38,1)  (42,38,2)  (7,39,3)  
Server 1: empty
Server 2: empty
Server 3: empty
Server 4: empty
Server 5: empty




Time: 2
Waiting: (17,3,7)  (24,4,7)  (32,4,6)  (35,6,1)  (44,6,4)  (6,7,1)  (12,7,6)  (18,7,1)  (27,8,7)  (49,8,1)  (5,9,2)  (25,9,2)  (41,9,3)  (31,10,5)  (10,13,5)  (50,14,7)  (2,15,3)  (11,15,3)  (4,17,5)  (20,18,6)  (37,18,1)  (19,21,2)  (47,21,3)  (28,22,4)  (48,24,2)  (8,25,1)  (9,25,4)  (29,25,2)  (36,25,2)  (46,25,7)  (14,26,1)  (26,26,2)  (39,26,2)  (34,27,4)  (38,27,2)  (3,29,2)  (13,30,6)  (21,30,1)  (22,31,2)  (45,32,4)  (15,33,1)  (43,33,6)  (30,34,4)  (40,35,4)  (23,37,2)  (1,38,5)  (16,38,1)  (42,38,2)  (7,39,3)  
Server 1: (33,2,3)  
Server 2: empty
Server 3: empty
Server 4: empty
Server 5: empty




Time: 3
Waiting: (24,4,7)  (32,4,6)  (35,6,1)  (44,6,4)  (6,7,1)  (12,7,6)  (18,7,1)  (27,8,7)  (49,8,1)  (5,9,2)  (25,9,2)  (41,9,3)  (31,10,5)  (10,13,5)  (50,14,7)  (2,15,3)  (11,15,3)  (4,17,5)  (20,18,6)  (37,18,1)  (19,21,2)  (47,21,3)  (28,22,4)  (48,24,2)  (8,25,1)  (9,25,4)  (29,25,2)  (36,25,2)  (46,25,7)  (14,26,1)  (26,26,2)  (39,26,2)  (34,27,4)  (38,27,2)  (3,29,2)  (13,30,6)  (21,30,1)  (22,31,2)  (45,32,4)  (15,33,1)  (43,33,6)  (30,34,4)  (40,35,4)  (23,37,2)  (1,38,5)  (16,38,1)  (42,38,2)  (7,39,3)  
Server 1: (33,2,2)  
Server 2: (17,3,7)  
Server 3: empty
Server 4: empty
Server 5: empty




Time: 4
Waiting: (35,6,1)  (44,6,4)  (6,7,1)  (12,7,6)  (18,7,1)  (27,8,7)  (49,8,1)  (5,9,2)  (25,9,2)  (41,9,3)  (31,10,5)  (10,13,5)  (50,14,7)  (2,15,3)  (11,15,3)  (4,17,5)  (20,18,6)  (37,18,1)  (19,21,2)  (47,21,3)  (28,22,4)  (48,24,2)  (8,25,1)  (9,25,4)  (29,25,2)  (36,25,2)  (46,25,7)  (14,26,1)  (26,26,2)  (39,26,2)  (34,27,4)  (38,27,2)  (3,29,2)  (13,30,6)  (21,30,1)  (22,31,2)  (45,32,4)  (15,33,1)  (43,33,6)  (30,34,4)  (40,35,4)  (23,37,2)  (1,38,5)  (16,38,1)  (42,38,2)  (7,39,3)  
Server 1: (33,2,1)  
Server 2: (17,3,6)  
Server 3: (24,4,7)  
Server 4: (32,4,6)  
Server 5: empty




Time: 5
Waiting: (35,6,1)  (44,6,4)  (6,7,1)  (12,7,6)  (18,7,1)  (27,8,7)  (49,8,1)  (5,9,2)  (25,9,2)  (41,9,3)  (31,10,5)  (10,13,5)  (50,14,7)  (2,15,3)  (11,15,3)  (4,17,5)  (20,18,6)  (37,18,1)  (19,21,2)  (47,21,3)  (28,22,4)  (48,24,2)  (8,25,1)  (9,25,4)  (29,25,2)  (36,25,2)  (46,25,7)  (14,26,1)  (26,26,2)  (39,26,2)  (34,27,4)  (38,27,2)  (3,29,2)  (13,30,6)  (21,30,1)  (22,31,2)  (45,32,4)  (15,33,1)  (43,33,6)  (30,34,4)  (40,35,4)  (23,37,2)  (1,38,5)  (16,38,1)  (42,38,2)  (7,39,3)  
Server 1: empty
Server 2: (17,3,5)  
Server 3: (24,4,6)  
Server 4: (32,4,5)  
Server 5: empty




Time: 6
Waiting: (6,7,1)  (12,7,6)  (18,7,1)  (27,8,7)  (49,8,1)  (5,9,2)  (25,9,2)  (41,9,3)  (31,10,5)  (10,13,5)  (50,14,7)  (2,15,3)  (11,15,3)  (4,17,5)  (20,18,6)  (37,18,1)  (19,21,2)  (47,21,3)  (28,22,4)  (48,24,2)  (8,25,1)  (9,25,4)  (29,25,2)  (36,25,2)  (46,25,7)  (14,26,1)  (26,26,2)  (39,26,2)  (34,27,4)  (38,27,2)  (3,29,2)  (13,30,6)  (21,30,1)  (22,31,2)  (45,32,4)  (15,33,1)  (43,33,6)  (30,34,4)  (40,35,4)  (23,37,2)  (1,38,5)  (16,38,1)  (42,38,2)  (7,39,3)  
Server 1: (35,6,1)  
Server 2: (17,3,4)  
Server 3: (24,4,5)  
Server 4: (32,4,4)  
Server 5: (44,6,4)  




Time: 7
Waiting: (27,8,7)  (49,8,1)  (5,9,2)  (25,9,2)  (41,9,3)  (31,10,5)  (10,13,5)  (50,14,7)  (2,15,3)  (11,15,3)  (4,17,5)  (20,18,6)  (37,18,1)  (19,21,2)  (47,21,3)  (28,22,4)  (48,24,2)  (8,25,1)  (9,25,4)  (29,25,2)  (36,25,2)  (46,25,7)  (14,26,1)  (26,26,2)  (39,26,2)  (34,27,4)  (38,27,2)  (3,29,2)  (13,30,6)  (21,30,1)  (22,31,2)  (45,32,4)  (15,33,1)  (43,33,6)  (30,34,4)  (40,35,4)  (23,37,2)  (1,38,5)  (16,38,1)  (42,38,2)  (7,39,3)  
Server 1: (6,7,1)  (12,7,6)  
Server 2: (17,3,3)  (18,7,1)  
Server 3: (24,4,4)  
Server 4: (32,4,3)  
Server 5: (44,6,3)  




Time: 8
Waiting: (5,9,2)  (25,9,2)  (41,9,3)  (31,10,5)  (10,13,5)  (50,14,7)  (2,15,3)  (11,15,3)  (4,17,5)  (20,18,6)  (37,18,1)  (19,21,2)  (47,21,3)  (28,22,4)  (48,24,2)  (8,25,1)  (9,25,4)  (29,25,2)  (36,25,2)  (46,25,7)  (14,26,1)  (26,26,2)  (39,26,2)  (34,27,4)  (38,27,2)  (3,29,2)  (13,30,6)  (21,30,1)  (22,31,2)  (45,32,4)  (15,33,1)  (43,33,6)  (30,34,4)  (40,35,4)  (23,37,2)  (1,38,5)  (16,38,1)  (42,38,2)  (7,39,3)  
Server 1: (12,7,6)  
Server 2: (17,3,2)  (18,7,1)  
Server 3: (24,4,3)  
Server 4: (32,4,2)  (27,8,7)  
Server 5: (44,6,2)  (49,8,1)  




Time: 9
Waiting: (31,10,5)  (10,13,5)  (50,14,7)  (2,15,3)  (11,15,3)  (4,17,5)  (20,18,6)  (37,18,1)  (19,21,2)  (47,21,3)  (28,22,4)  (48,24,2)  (8,25,1)  (9,25,4)  (29,25,2)  (36,25,2)  (46,25,7)  (14,26,1)  (26,26,2)  (39,26,2)  (34,27,4)  (38,27,2)  (3,29,2)  (13,30,6)  (21,30,1)  (22,31,2)  (45,32,4)  (15,33,1)  (43,33,6)  (30,34,4)  (40,35,4)  (23,37,2)  (1,38,5)  (16,38,1)  (42,38,2)  (7,39,3)  
Server 1: (12,7,5)  
Server 2: (17,3,1)  (18,7,1)  (5,9,2)  
Server 3: (24,4,2)  (25,9,2)  
Server 4: (32,4,1)  (27,8,7)  
Server 5: (44,6,1)  (49,8,1)  (41,9,3)  




Time: 10
Waiting: (10,13,5)  (50,14,7)  (2,15,3)  (11,15,3)  (4,17,5)  (20,18,6)  (37,18,1)  (19,21,2)  (47,21,3)  (28,22,4)  (48,24,2)  (8,25,1)  (9,25,4)  (29,25,2)  (36,25,2)  (46,25,7)  (14,26,1)  (26,26,2)  (39,26,2)  (34,27,4)  (38,27,2)  (3,29,2)  (13,30,6)  (21,30,1)  (22,31,2)  (45,32,4)  (15,33,1)  (43,33,6)  (30,34,4)  (40,35,4)  (23,37,2)  (1,38,5)  (16,38,1)  (42,38,2)  (7,39,3)  
Server 1: (12,7,4)  
Server 2: (18,7,1)  (5,9,2)  (31,10,5)  
Server 3: (24,4,1)  (25,9,2)  
Server 4: (27,8,7)  
Server 5: (49,8,1)  (41,9,3)  




Time: 11
Waiting: (10,13,5)  (50,14,7)  (2,15,3)  (11,15,3)  (4,17,5)  (20,18,6)  (37,18,1)  (19,21,2)  (47,21,3)  (28,22,4)  (48,24,2)  (8,25,1)  (9,25,4)  (29,25,2)  (36,25,2)  (46,25,7)  (14,26,1)  (26,26,2)  (39,26,2)  (34,27,4)  (38,27,2)  (3,29,2)  (13,30,6)  (21,30,1)  (22,31,2)  (45,32,4)  (15,33,1)  (43,33,6)  (30,34,4)  (40,35,4)  (23,37,2)  (1,38,5)  (16,38,1)  (42,38,2)  (7,39,3)  
Server 1: (12,7,3)  
Server 2: (5,9,2)  (31,10,5)  
Server 3: (25,9,2)  
Server 4: (27,8,6)  
Server 5: (41,9,3)  




Time: 12
Waiting: (10,13,5)  (50,14,7)  (2,15,3)  (11,15,3)  (4,17,5)  (20,18,6)  (37,18,1)  (19,21,2)  (47,21,3)  (28,22,4)  (48,24,2)  (8,25,1)  (9,25,4)  (29,25,2)  (36,25,2)  (46,25,7)  (14,26,1)  (26,26,2)  (39,26,2)  (34,27,4)  (38,27,2)  (3,29,2)  (13,30,6)  (21,30,1)  (22,31,2)  (45,32,4)  (15,33,1)  (43,33,6)  (30,34,4)  (40,35,4)  (23,37,2)  (1,38,5)  (16,38,1)  (42,38,2)  (7,39,3)  
Server 1: (12,7,2)  
Server 2: (5,9,1)  (31,10,5)  
Server 3: (25,9,1)  
Server 4: (27,8,5)  
Server 5: (41,9,2)  




Time: 13
Waiting: (50,14,7)  (2,15,3)  (11,15,3)  (4,17,5)  (20,18,6)  (37,18,1)  (19,21,2)  (47,21,3)  (28,22,4)  (48,24,2)  (8,25,1)  (9,25,4)  (29,25,2)  (36,25,2)  (46,25,7)  (14,26,1)  (26,26,2)  (39,26,2)  (34,27,4)  (38,27,2)  (3,29,2)  (13,30,6)  (21,30,1)  (22,31,2)  (45,32,4)  (15,33,1)  (43,33,6)  (30,34,4)  (40,35,4)  (23,37,2)  (1,38,5)  (16,38,1)  (42,38,2)  (7,39,3)  
Server 1: (12,7,1)  
Server 2: (31,10,5)  
Server 3: (10,13,5)  
Server 4: (27,8,4)  
Server 5: (41,9,1)  




Time: 14
Waiting: (2,15,3)  (11,15,3)  (4,17,5)  (20,18,6)  (37,18,1)  (19,21,2)  (47,21,3)  (28,22,4)  (48,24,2)  (8,25,1)  (9,25,4)  (29,25,2)  (36,25,2)  (46,25,7)  (14,26,1)  (26,26,2)  (39,26,2)  (34,27,4)  (38,27,2)  (3,29,2)  (13,30,6)  (21,30,1)  (22,31,2)  (45,32,4)  (15,33,1)  (43,33,6)  (30,34,4)  (40,35,4)  (23,37,2)  (1,38,5)  (16,38,1)  (42,38,2)  (7,39,3)  
Server 1: (50,14,7)  
Server 2: (31,10,4)  
Server 3: (10,13,4)  
Server 4: (27,8,3)  
Server 5: empty




Time: 15
Waiting: (4,17,5)  (20,18,6)  (37,18,1)  (19,21,2)  (47,21,3)  (28,22,4)  (48,24,2)  (8,25,1)  (9,25,4)  (29,25,2)  (36,25,2)  (46,25,7)  (14,26,1)  (26,26,2)  (39,26,2)  (34,27,4)  (38,27,2)  (3,29,2)  (13,30,6)  (21,30,1)  (22,31,2)  (45,32,4)  (15,33,1)  (43,33,6)  (30,34,4)  (40,35,4)  (23,37,2)  (1,38,5)  (16,38,1)  (42,38,2)  (7,39,3)  
Server 1: (50,14,6)  
Server 2: (31,10,3)  
Server 3: (10,13,3)  
Server 4: (27,8,2)  (11,15,3)  
Server 5: (2,15,3)  




Time: 16
Waiting: (4,17,5)  (20,18,6)  (37,18,1)  (19,21,2)  (47,21,3)  (28,22,4)  (48,24,2)  (8,25,1)  (9,25,4)  (29,25,2)  (36,25,2)  (46,25,7)  (14,26,1)  (26,26,2)  (39,26,2)  (34,27,4)  (38,27,2)  (3,29,2)  (13,30,6)  (21,30,1)  (22,31,2)  (45,32,4)  (15,33,1)  (43,33,6)  (30,34,4)  (40,35,4)  (23,37,2)  (1,38,5)  (16,38,1)  (42,38,2)  (7,39,3)  
Server 1: (50,14,5)  
Server 2: (31,10,2)  
Server 3: (10,13,2)  
Server 4: (27,8,1)  (11,15,3)  
Server 5: (2,15,2)  




Time: 17
Waiting: (20,18,6)  (37,18,1)  (19,21,2)  (47,21,3)  (28,22,4)  (48,24,2)  (8,25,1)  (9,25,4)  (29,25,2)  (36,25,2)  (46,25,7)  (14,26,1)  (26,26,2)  (39,26,2)  (34,27,4)  (38,27,2)  (3,29,2)  (13,30,6)  (21,30,1)  (22,31,2)  (45,32,4)  (15,33,1)  (43,33,6)  (30,34,4)  (40,35,4)  (23,37,2)  (1,38,5)  (16,38,1)  (42,38,2)  (7,39,3)  
Server 1: (50,14,4)  
Server 2: (31,10,1)  (4,17,5)  
Server 3: (10,13,1)  
Server 4: (11,15,3)  
Server 5: (2,15,1)  




Time: 18
Waiting: (19,21,2)  (47,21,3)  (28,22,4)  (48,24,2)  (8,25,1)  (9,25,4)  (29,25,2)  (36,25,2)  (46,25,7)  (14,26,1)  (26,26,2)  (39,26,2)  (34,27,4)  (38,27,2)  (3,29,2)  (13,30,6)  (21,30,1)  (22,31,2)  (45,32,4)  (15,33,1)  (43,33,6)  (30,34,4)  (40,35,4)  (23,37,2)  (1,38,5)  (16,38,1)  (42,38,2)  (7,39,3)  
Server 1: (50,14,3)  
Server 2: (4,17,5)  
Server 3: (20,18,6)  
Server 4: (11,15,2)  
Server 5: (37,18,1)  




Time: 19
Waiting: (19,21,2)  (47,21,3)  (28,22,4)  (48,24,2)  (8,25,1)  (9,25,4)  (29,25,2)  (36,25,2)  (46,25,7)  (14,26,1)  (26,26,2)  (39,26,2)  (34,27,4)  (38,27,2)  (3,29,2)  (13,30,6)  (21,30,1)  (22,31,2)  (45,32,4)  (15,33,1)  (43,33,6)  (30,34,4)  (40,35,4)  (23,37,2)  (1,38,5)  (16,38,1)  (42,38,2)  (7,39,3)  
Server 1: (50,14,2)  
Server 2: (4,17,4)  
Server 3: (20,18,5)  
Server 4: (11,15,1)  
Server 5: empty




Time: 20
Waiting: (19,21,2)  (47,21,3)  (28,22,4)  (48,24,2)  (8,25,1)  (9,25,4)  (29,25,2)  (36,25,2)  (46,25,7)  (14,26,1)  (26,26,2)  (39,26,2)  (34,27,4)  (38,27,2)  (3,29,2)  (13,30,6)  (21,30,1)  (22,31,2)  (45,32,4)  (15,33,1)  (43,33,6)  (30,34,4)  (40,35,4)  (23,37,2)  (1,38,5)  (16,38,1)  (42,38,2)  (7,39,3)  
Server 1: (50,14,1)  
Server 2: (4,17,3)  
Server 3: (20,18,4)  
Server 4: empty
Server 5: empty




Time: 21
Waiting: (28,22,4)  (48,24,2)  (8,25,1)  (9,25,4)  (29,25,2)  (36,25,2)  (46,25,7)  (14,26,1)  (26,26,2)  (39,26,2)  (34,27,4)  (38,27,2)  (3,29,2)  (13,30,6)  (21,30,1)  (22,31,2)  (45,32,4)  (15,33,1)  (43,33,6)  (30,34,4)  (40,35,4)  (23,37,2)  (1,38,5)  (16,38,1)  (42,38,2)  (7,39,3)  
Server 1: (19,21,2)  
Server 2: (4,17,2)  
Server 3: (20,18,3)  
Server 4: (47,21,3)  
Server 5: empty




Time: 22
Waiting: (48,24,2)  (8,25,1)  (9,25,4)  (29,25,2)  (36,25,2)  (46,25,7)  (14,26,1)  (26,26,2)  (39,26,2)  (34,27,4)  (38,27,2)  (3,29,2)  (13,30,6)  (21,30,1)  (22,31,2)  (45,32,4)  (15,33,1)  (43,33,6)  (30,34,4)  (40,35,4)  (23,37,2)  (1,38,5)  (16,38,1)  (42,38,2)  (7,39,3)  
Server 1: (19,21,1)  
Server 2: (4,17,1)  
Server 3: (20,18,2)  
Server 4: (47,21,2)  
Server 5: (28,22,4)  




Time: 23
Waiting: (48,24,2)  (8,25,1)  (9,25,4)  (29,25,2)  (36,25,2)  (46,25,7)  (14,26,1)  (26,26,2)  (39,26,2)  (34,27,4)  (38,27,2)  (3,29,2)  (13,30,6)  (21,30,1)  (22,31,2)  (45,32,4)  (15,33,1)  (43,33,6)  (30,34,4)  (40,35,4)  (23,37,2)  (1,38,5)  (16,38,1)  (42,38,2)  (7,39,3)  
Server 1: empty
Server 2: empty
Server 3: (20,18,1)  
Server 4: (47,21,1)  
Server 5: (28,22,3)  




Time: 24
Waiting: (8,25,1)  (9,25,4)  (29,25,2)  (36,25,2)  (46,25,7)  (14,26,1)  (26,26,2)  (39,26,2)  (34,27,4)  (38,27,2)  (3,29,2)  (13,30,6)  (21,30,1)  (22,31,2)  (45,32,4)  (15,33,1)  (43,33,6)  (30,34,4)  (40,35,4)  (23,37,2)  (1,38,5)  (16,38,1)  (42,38,2)  (7,39,3)  
Server 1: (48,24,2)  
Server 2: empty
Server 3: empty
Server 4: empty
Server 5: (28,22,2)  




Time: 25
Waiting: (14,26,1)  (26,26,2)  (39,26,2)  (34,27,4)  (38,27,2)  (3,29,2)  (13,30,6)  (21,30,1)  (22,31,2)  (45,32,4)  (15,33,1)  (43,33,6)  (30,34,4)  (40,35,4)  (23,37,2)  (1,38,5)  (16,38,1)  (42,38,2)  (7,39,3)  
Server 1: (48,24,1)  
Server 2: (8,25,1)  (36,25,2)  
Server 3: (9,25,4)  
Server 4: (29,25,2)  
Server 5: (28,22,1)  (46,25,7)  




Time: 26
Waiting: (34,27,4)  (38,27,2)  (3,29,2)  (13,30,6)  (21,30,1)  (22,31,2)  (45,32,4)  (15,33,1)  (43,33,6)  (30,34,4)  (40,35,4)  (23,37,2)  (1,38,5)  (16,38,1)  (42,38,2)  (7,39,3)  
Server 1: (14,26,1)  (26,26,2)  
Server 2: (36,25,2)  
Server 3: (9,25,3)  
Server 4: (29,25,1)  (39,26,2)  
Server 5: (46,25,7)  




Time: 27
Waiting: (3,29,2)  (13,30,6)  (21,30,1)  (22,31,2)  (45,32,4)  (15,33,1)  (43,33,6)  (30,34,4)  (40,35,4)  (23,37,2)  (1,38,5)  (16,38,1)  (42,38,2)  (7,39,3)  
Server 1: (26,26,2)  (38,27,2)  
Server 2: (36,25,1)  (34,27,4)  
Server 3: (9,25,2)  
Server 4: (39,26,2)  
Server 5: (46,25,6)  




Time: 28
Waiting: (3,29,2)  (13,30,6)  (21,30,1)  (22,31,2)  (45,32,4)  (15,33,1)  (43,33,6)  (30,34,4)  (40,35,4)  (23,37,2)  (1,38,5)  (16,38,1)  (42,38,2)  (7,39,3)  
Server 1: (26,26,1)  (38,27,2)  
Server 2: (34,27,4)  
Server 3: (9,25,1)  
Server 4: (39,26,1)  
Server 5: (46,25,5)  




Time: 29
Waiting: (13,30,6)  (21,30,1)  (22,31,2)  (45,32,4)  (15,33,1)  (43,33,6)  (30,34,4)  (40,35,4)  (23,37,2)  (1,38,5)  (16,38,1)  (42,38,2)  (7,39,3)  
Server 1: (38,27,2)  
Server 2: (34,27,3)  
Server 3: (3,29,2)  
Server 4: empty
Server 5: (46,25,4)  




Time: 30
Waiting: (22,31,2)  (45,32,4)  (15,33,1)  (43,33,6)  (30,34,4)  (40,35,4)  (23,37,2)  (1,38,5)  (16,38,1)  (42,38,2)  (7,39,3)  
Server 1: (38,27,1)  (21,30,1)  
Server 2: (34,27,2)  
Server 3: (3,29,1)  
Server 4: (13,30,6)  
Server 5: (46,25,3)  




Time: 31
Waiting: (45,32,4)  (15,33,1)  (43,33,6)  (30,34,4)  (40,35,4)  (23,37,2)  (1,38,5)  (16,38,1)  (42,38,2)  (7,39,3)  
Server 1: (21,30,1)  
Server 2: (34,27,1)  
Server 3: (22,31,2)  
Server 4: (13,30,5)  
Server 5: (46,25,2)  




Time: 32
Waiting: (15,33,1)  (43,33,6)  (30,34,4)  (40,35,4)  (23,37,2)  (1,38,5)  (16,38,1)  (42,38,2)  (7,39,3)  
Server 1: (45,32,4)  
Server 2: empty
Server 3: (22,31,1)  
Server 4: (13,30,4)  
Server 5: (46,25,1)  




Time: 33
Waiting: (30,34,4)  (40,35,4)  (23,37,2)  (1,38,5)  (16,38,1)  (42,38,2)  (7,39,3)  
Server 1: (45,32,3)  
Server 2: (15,33,1)  
Server 3: (43,33,6)  
Server 4: (13,30,3)  
Server 5: empty




Time: 34
Waiting: (40,35,4)  (23,37,2)  (1,38,5)  (16,38,1)  (42,38,2)  (7,39,3)  
Server 1: (45,32,2)  
Server 2: empty
Server 3: (43,33,5)  
Server 4: (13,30,2)  
Server 5: (30,34,4)  




Time: 35
Waiting: (23,37,2)  (1,38,5)  (16,38,1)  (42,38,2)  (7,39,3)  
Server 1: (45,32,1)  
Server 2: (40,35,4)  
Server 3: (43,33,4)  
Server 4: (13,30,1)  
Server 5: (30,34,3)  




Time: 36
Waiting: (23,37,2)  (1,38,5)  (16,38,1)  (42,38,2)  (7,39,3)  
Server 1: empty
Server 2: (40,35,3)  
Server 3: (43,33,3)  
Server 4: empty
Server 5: (30,34,2)  




Time: 37
Waiting: (1,38,5)  (16,38,1)  (42,38,2)  (7,39,3)  
Server 1: (23,37,2)  
Server 2: (40,35,2)  
Server 3: (43,33,2)  
Server 4: empty
Server 5: (30,34,1)  




Time: 38
Waiting: (7,39,3)  
Server 1: (23,37,1)  (42,38,2)  
Server 2: (40,35,1)  
Server 3: (43,33,1)  
Server 4: (1,38,5)  
Server 5: (16,38,1)  




Time: 39
Waiting: 
Server 1: (42,38,2)  
Server 2: (7,39,3)  
Server 3: empty
Server 4: (1,38,5)  
Server 5: empty




Time: 40
Waiting: 
Server 1: (42,38,1)  
Server 2: (7,39,2)  
Server 3: empty
Server 4: (1,38,3)  
Server 5: empty




Time: 41
Waiting: 
Server 1: empty
Server 2: (7,39,1)  
Server 3: empty
Server 4: (1,38,2)  
Server 5: empty




Time: 42
Waiting: 
Server 1: empty
Server 2: empty
Server 3: empty
Server 4: (1,38,1)  
Server 5: empty




Time: 43
Waiting: 
Server 1: empty
Server 2: empty
Server 3: empty
Server 4: (1,38,1)  
Server 5: empty




Time: 44
Waiting: 
Server 1: empty
Server 2: empty
Server 3: empty
Server 4: empty
Server 5: empty
Avg waiting time: 3.92
Avg service time: 3.34
Peak hour: 9